MFEM mesh v1.1

#
# MFEM Geometry Types (see mesh/geom.hpp):
#
# POINT       = 0
# SEGMENT     = 1
# TRIANGLE    = 2
# SQUARE      = 3
# TETRAHEDRON = 4
# CUBE        = 5
# PRISM       = 6
#

dimension
2

elements
306
2 3 13 138 328 141
2 3 138 88 139 328
2 3 328 139 12 140
2 3 141 328 140 1
2 3 4 89 39 0
2 3 22 86 21 2
2 3 31 142 329 145
2 3 142 87 143 329
2 3 329 143 30 144
2 3 145 329 144 3
2 3 53 78 41 98
2 3 17 149 330 152
2 3 149 18 150 330
2 3 330 150 113 151
2 3 152 330 151 68
2 3 8 153 331 156
2 3 153 9 154 331
2 3 331 154 114 155
2 3 156 331 155 69
2 3 26 157 332 160
2 3 157 27 158 332
2 3 332 158 115 159
2 3 160 332 159 66
2 3 35 161 333 164
2 3 161 36 162 333
2 3 333 162 116 163
2 3 164 333 163 67
2 3 82 165 334 168
2 3 165 62 166 334
2 3 334 166 125 167
2 3 168 334 167 45
2 3 84 169 335 172
2 3 169 64 170 335
2 3 335 170 126 171
2 3 172 335 171 46
2 3 103 173 336 176
2 3 173 60 174 336
2 3 336 174 127 175
2 3 176 336 175 63
2 3 83 63 127 47
2 3 104 178 337 181
2 3 178 61 179 337
2 3 337 179 128 180
2 3 181 337 180 65
2 3 182 65 180 338
2 3 338 180 128 183
2 3 184 338 183 48
2 3 85 182 338 184
2 3 55 94 41 83
2 3 54 186 339 189
2 3 186 95 187 339
2 3 339 187 42 188
2 3 189 339 188 82
2 3 57 96 43 85
2 3 56 97 44 84
2 3 102 62 106 59
2 3 137 64 108 61
2 3 59 137 40 102
2 3 60 103 40 104
2 3 58 201 340 203
2 3 201 105 202 340
2 3 340 202 41 146
2 3 203 340 146 78
2 3 99 204 341 207
2 3 204 79 205 341
2 3 341 205 106 206
2 3 207 341 206 42
2 3 100 208 342 211
2 3 208 80 209 342
2 3 342 209 107 210
2 3 211 342 210 43
2 3 101 212 343 215
2 3 212 81 213 343
2 3 343 213 108 214
2 3 215 343 214 44
2 3 58 216 344 201
2 3 216 103 176 344
2 3 344 176 63 217
2 3 201 344 217 105
2 3 60 200 345 219
2 3 200 104 181 345
2 3 345 181 65 218
2 3 219 345 218 107
2 3 24 70 117 23
2 3 33 71 118 32
2 3 15 72 119 14
2 3 6 73 120 5
2 3 19 226 346 229
2 3 226 20 227 346
2 3 346 227 121 228
2 3 229 346 228 74
2 3 10 230 347 233
2 3 230 11 231 347
2 3 347 231 122 232
2 3 233 347 232 76
2 3 28 234 348 237
2 3 234 29 235 348
2 3 348 235 123 236
2 3 237 348 236 75
2 3 37 238 349 241
2 3 238 38 239 349
2 3 349 239 124 240
2 3 241 349 240 77
2 3 26 66 129 90
2 3 35 164 350 246
2 3 164 67 244 350
2 3 350 244 130 245
2 3 246 350 245 91
2 3 17 68 131 92
2 3 8 69 132 93
2 3 14 224 351 252
2 3 224 119 251 351
2 3 351 251 88 138
2 3 252 351 138 13
2 3 5 120 89 4
2 3 23 117 86 22
2 3 32 118 87 31
2 3 20 21 86 121
2 3 11 253 352 231
2 3 253 12 139 352
2 3 352 139 88 254
2 3 231 352 254 122
2 3 29 30 87 123
2 3 38 39 89 124
2 3 106 205 353 195
2 3 205 79 255 353
2 3 353 255 126 256
2 3 195 353 256 59
2 3 107 80 127 60
2 3 108 213 354 197
2 3 213 81 258 354
2 3 354 258 128 179
2 3 197 354 179 61
2 3 129 66 133 45
2 3 130 244 355 262
2 3 244 67 260 355
2 3 355 260 134 261
2 3 262 355 261 46
2 3 115 263 356 159
2 3 263 54 264 356
2 3 356 264 133 259
2 3 159 356 259 66
2 3 116 56 134 67
2 3 131 247 357 267
2 3 247 68 265 357
2 3 357 265 135 266
2 3 267 357 266 47
2 3 132 69 136 48
2 3 113 55 135 68
2 3 114 271 358 155
2 3 271 57 272 358
2 3 358 272 136 268
2 3 155 358 268 69
2 3 95 54 115 75
2 3 98 275 359 148
2 3 275 70 276 359
2 3 359 276 109 277
2 3 148 359 277 53
2 3 99 278 360 281
2 3 278 71 279 360
2 3 360 279 110 280
2 3 281 360 280 91
2 3 94 55 113 74
2 3 97 56 116 77
2 3 96 190 361 285
2 3 190 57 271 361
2 3 361 271 114 284
2 3 285 361 284 76
2 3 100 286 362 289
2 3 286 72 287 362
2 3 362 287 111 288
2 3 289 362 288 92
2 3 101 290 363 293
2 3 290 73 291 363
2 3 363 291 112 292
2 3 293 363 292 93
2 3 58 203 364 295
2 3 203 78 294 364
2 3 364 294 45 167
2 3 295 364 167 125
2 3 295 125 166 365
2 3 365 166 62 194
2 3 296 365 194 102
2 3 58 295 365 296
2 3 59 126 64 137
2 3 98 49 117 70
2 3 99 50 118 71
2 3 94 282 366 300
2 3 282 74 228 366
2 3 366 228 121 299
2 3 300 366 299 49
2 3 100 301 367 286
2 3 301 51 302 367
2 3 367 302 119 223
2 3 286 367 223 72
2 3 95 274 368 304
2 3 274 75 236 368
2 3 368 236 123 303
2 3 304 368 303 50
2 3 101 305 369 290
2 3 305 52 306 369
2 3 369 306 120 225
2 3 290 369 225 73
2 3 96 285 370 308
2 3 285 76 232 370
2 3 370 232 122 307
2 3 308 370 307 51
2 3 97 283 371 310
2 3 283 77 240 371
2 3 371 240 124 309
2 3 310 371 309 52
2 3 53 129 45 78
2 3 99 281 372 204
2 3 281 91 245 372
2 3 372 245 130 312
2 3 204 372 312 79
2 3 126 79 130 46
2 3 127 257 373 177
2 3 177 373 267 47
2 3 373 313 131 267
2 3 257 80 313 373
2 3 208 374 313 80
2 3 100 289 374 208
2 3 289 92 248 374
2 3 374 248 131 313
2 3 101 93 132 81
2 3 258 81 314 375
2 3 375 314 132 270
2 3 183 375 270 48
2 3 128 258 375 183
2 3 62 82 42 106
2 3 63 83 41 105
2 3 64 169 376 196
2 3 169 84 193 376
2 3 376 193 44 214
2 3 196 376 214 108
2 3 65 182 377 218
2 3 182 85 191 377
2 3 377 191 43 210
2 3 218 377 210 107
2 3 49 297 378 300
2 3 297 98 147 378
2 3 378 147 41 185
2 3 300 378 185 94
2 3 50 298 379 304
2 3 298 99 207 379
2 3 379 207 42 187
2 3 304 379 187 95
2 3 51 100 43 96
2 3 52 101 44 97
2 3 117 49 121 86
2 3 118 50 123 87
2 3 119 51 122 88
2 3 120 52 124 89
2 3 40 199 380 198
2 3 199 103 216 380
2 3 380 216 58 296
2 3 198 380 296 102
2 3 26 243 381 317
2 3 243 90 315 381
2 3 381 315 109 316
2 3 317 381 316 25
2 3 35 246 382 319
2 3 246 91 280 382
2 3 382 280 110 318
2 3 319 382 318 34
2 3 17 249 383 321
2 3 249 92 288 383
2 3 383 288 111 320
2 3 321 383 320 16
2 3 8 250 384 323
2 3 250 93 292 384
2 3 384 292 112 322
2 3 323 384 322 7
2 3 70 220 385 276
2 3 220 24 324 385
2 3 385 324 25 316
2 3 276 385 316 109
2 3 71 221 386 279
2 3 221 33 325 386
2 3 386 325 34 318
2 3 279 386 318 110
2 3 72 222 387 287
2 3 222 15 326 387
2 3 387 326 16 320
2 3 287 387 320 111
2 3 73 6 7 112
2 3 74 113 18 19
2 3 76 114 9 10
2 3 75 273 388 237
2 3 273 115 158 388
2 3 388 158 27 327
2 3 237 388 327 28
2 3 77 116 36 37
2 3 45 133 54 82
2 3 47 135 55 83
2 3 46 134 56 84
2 3 48 269 389 184
2 3 269 136 272 389
2 3 389 272 57 192
2 3 184 389 192 85
2 3 109 315 390 277
2 3 315 90 242 390
2 3 390 242 129 311
2 3 277 390 311 53
2 3 61 104 40 137

boundary
62
1 1 141 13
1 1 12 140
1 1 140 1
1 1 1 141
1 1 39 0
1 1 0 4
1 1 21 2
1 1 2 22
1 1 145 31
1 1 30 144
1 1 144 3
1 1 3 145
1 1 17 149
1 1 149 18
1 1 8 153
1 1 153 9
1 1 26 157
1 1 157 27
1 1 35 161
1 1 161 36
1 1 23 24
1 1 32 33
1 1 14 15
1 1 5 6
1 1 19 226
1 1 226 20
1 1 10 230
1 1 230 11
1 1 28 234
1 1 234 29
1 1 37 238
1 1 238 38
1 1 252 14
1 1 13 252
1 1 4 5
1 1 22 23
1 1 31 32
1 1 20 21
1 1 11 253
1 1 253 12
1 1 29 30
1 1 38 39
1 1 317 26
1 1 25 317
1 1 319 35
1 1 34 319
1 1 321 17
1 1 16 321
1 1 323 8
1 1 7 323
1 1 24 324
1 1 324 25
1 1 33 325
1 1 325 34
1 1 15 326
1 1 326 16
1 1 6 7
1 1 18 19
1 1 9 10
1 1 27 327
1 1 327 28
1 1 36 37

vertex_parents
253
138 13 88
139 12 88
140 1 12
141 1 13
142 31 87
143 30 87
144 3 30
145 3 31
146 41 78
147 41 98
148 53 98
149 17 18
150 18 113
151 68 113
152 17 68
153 8 9
154 9 114
155 69 114
156 8 69
157 26 27
158 27 115
159 66 115
160 26 66
161 35 36
162 36 116
163 67 116
164 35 67
165 62 82
166 62 125
167 45 125
168 45 82
169 64 84
170 64 126
171 46 126
172 46 84
173 60 103
174 60 127
175 63 127
176 63 103
177 47 127
178 61 104
179 61 128
180 65 128
181 65 104
182 65 85
183 48 128
184 48 85
185 41 94
186 54 95
187 42 95
188 42 82
189 54 82
190 57 96
191 43 85
192 57 85
193 44 84
194 62 102
195 59 106
196 64 108
197 61 108
198 40 102
199 40 103
200 60 104
201 58 105
202 41 105
203 58 78
204 79 99
205 79 106
206 42 106
207 42 99
208 80 100
209 80 107
210 43 107
211 43 100
212 81 101
213 81 108
214 44 108
215 44 101
216 58 103
217 63 105
218 65 107
219 60 107
220 24 70
221 33 71
222 15 72
223 72 119
224 14 119
225 73 120
226 19 20
227 20 121
228 74 121
229 19 74
230 10 11
231 11 122
232 76 122
233 10 76
234 28 29
235 29 123
236 75 123
237 28 75
238 37 38
239 38 124
240 77 124
241 37 77
242 90 129
243 26 90
244 67 130
245 91 130
246 35 91
247 68 131
248 92 131
249 17 92
250 8 93
251 88 119
252 13 14
253 11 12
254 88 122
255 79 126
256 59 126
257 80 127
258 81 128
259 66 133
260 67 134
261 46 134
262 46 130
263 54 115
264 54 133
265 68 135
266 47 135
267 47 131
268 69 136
269 48 136
270 48 132
271 57 114
272 57 136
273 75 115
274 75 95
275 70 98
276 70 109
277 53 109
278 71 99
279 71 110
280 91 110
281 91 99
282 74 94
283 77 97
284 76 114
285 76 96
286 72 100
287 72 111
288 92 111
289 92 100
290 73 101
291 73 112
292 93 112
293 93 101
294 45 78
295 58 125
296 58 102
297 49 98
298 50 99
299 49 121
300 49 94
301 51 100
302 51 119
303 50 123
304 50 95
305 52 101
306 52 120
307 51 122
308 51 96
309 52 124
310 52 97
311 53 129
312 79 130
313 80 131
314 81 132
315 90 109
316 25 109
317 25 26
318 34 110
319 34 35
320 16 111
321 16 17
322 7 112
323 7 8
324 24 25
325 33 34
326 15 16
327 27 28
328 138 140
329 142 144
330 149 151
331 153 155
332 157 159
333 161 163
334 165 167
335 169 171
336 173 175
337 178 180
338 182 183
339 186 188
340 146 201
341 204 206
342 208 210
343 212 214
344 216 217
345 200 218
346 226 228
347 230 232
348 234 236
349 238 240
350 164 245
351 138 224
352 253 254
353 205 256
354 179 213
355 244 261
356 259 263
357 247 266
358 268 271
359 275 277
360 278 280
361 190 284
362 286 288
363 290 292
364 167 203
365 194 295
366 282 299
367 223 301
368 274 303
369 225 305
370 285 307
371 283 309
372 281 312
373 257 267
374 289 313
375 258 270
376 169 214
377 182 210
378 185 297
379 187 298
380 199 296
381 243 316
382 246 318
383 249 320
384 250 322
385 220 316
386 221 318
387 222 320
388 273 327
389 192 269
390 311 315

coarse_elements
63
3 0 1 2 3
3 6 7 8 9
3 11 12 13 14
3 15 16 17 18
3 19 20 21 22
3 23 24 25 26
3 27 28 29 30
3 31 32 33 34
3 35 36 37 38
3 40 41 42 43
3 47 44 45 46
3 49 50 51 52
3 59 60 61 62
3 63 64 65 66
3 67 68 69 70
3 71 72 73 74
3 75 76 77 78
3 79 80 81 82
3 87 88 89 90
3 91 92 93 94
3 95 96 97 98
3 99 100 101 102
3 104 105 106 107
3 110 111 112 113
3 118 119 120 121
3 124 125 126 127
3 129 130 131 132
3 134 135 136 137
3 138 139 140 141
3 143 144 145 146
3 149 150 151 152
3 154 155 156 157
3 158 159 160 161
3 164 165 166 167
3 168 169 170 171
3 172 173 174 175
3 176 177 178 179
3 183 180 181 182
3 187 188 189 190
3 191 192 193 194
3 195 196 197 198
3 199 200 201 202
3 203 204 205 206
3 207 208 209 210
3 212 213 214 215
3 217 220 219 218
3 222 223 224 221
3 229 226 227 228
3 232 233 234 235
3 236 237 238 239
3 240 241 242 243
3 244 245 246 247
3 254 255 256 257
3 258 259 260 261
3 262 263 264 265
3 266 267 268 269
3 270 271 272 273
3 274 275 276 277
3 278 279 280 281
3 282 283 284 285
3 289 290 291 292
3 297 298 299 300
3 301 302 303 304

vertices
391
2
0 0
1 0
1 1
0 1
0.1 0
0.2 0
0.3 0
0.4 0
0.5 0
0.6 0
0.7 0
0.8 0
0.9 0
1 0.1
1 0.2
1 0.3
1 0.4
1 0.5
1 0.6
1 0.7
1 0.8
1 0.9
0.9 1
0.8 1
0.7 1
0.6 1
0.5 1
0.4 1
0.3 1
0.2 1
0.1 1
0 0.9
0 0.8
0 0.7
0 0.6
0 0.5
0 0.4
0 0.3
0 0.2
0 0.1
0.50406404 0.50359244
0.70105584 0.7003362
0.30779168 0.72383291
0.69478294 0.27623775
0.27783902 0.30623013
0.49233284 0.77503881
0.22151808 0.46773205
0.77981074 0.53302631
0.53234712 0.21840524
0.80873313 0.80939852
0.19275494 0.80631868
0.80802404 0.1937327
0.19396116 0.19270753
0.61612898 0.8312682
0.38152115 0.82676173
0.82259943 0.62416592
0.17512978 0.37727746
0.622712 0.17324758
0.55885747 0.64155113
0.38106545 0.55088798
0.62436439 0.45202095
0.45384727 0.37839601
0.42855726 0.6697213
0.67003953 0.57185862
0.33385496 0.42751182
0.57473283 0.33062346
0.46261986 0.89400437
0.1143623 0.46136135
0.88581225 0.53915841
0.53800334 0.11289473
0.70877333 0.90997273
0.08314449 0.70411445
0.91724028 0.29599036
0.29589427 0.083742819
0.90728507 0.70956829
0.29214968 0.9082589
0.7086627 0.091831213
0.092322032 0.29146425
0.59398218 0.74194803
0.25168352 0.58979923
0.75095044 0.41121124
0.4112624 0.24962216
0.39894827 0.74804925
0.74539795 0.60514366
0.2528529 0.39460502
0.60620343 0.25022937
0.90291805 0.90307764
0.097290376 0.90224708
0.90284814 0.09776422
0.097777892 0.097353596
0.55467187 0.91985267
0.10834632 0.58872572
0.89240301 0.41157772
0.41099658 0.10811032
0.81281063 0.71151147
0.29245999 0.81546748
0.70945569 0.18449074
0.18547237 0.29103116
0.70916884 0.81507937
0.18998549 0.68385288
0.81142863 0.31649469
0.31665358 0.18944165
0.46593687 0.58921965
0.58936082 0.53882675
0.53939397 0.41583364
0.64355491 0.63484954
0.34104508 0.63412004
0.66263447 0.36709484
0.36885059 0.33904185
0.61750121 0.91649425
0.063776747 0.63043423
0.93660919 0.36968973
0.36963134 0.064118279
0.90630829 0.61868772
0.61778436 0.092204098
0.38367441 0.90903337
0.093145194 0.3820691
0.80501724 0.90573562
0.094115023 0.80170339
0.90621502 0.19835147
0.19836952 0.09424854
0.9049051 0.80538995
0.80480465 0.095461954
0.19563039 0.9045571
0.095646613 0.19545124
0.49128612 0.69478435
0.29679179 0.50885436
0.70655508 0.49241954
0.4931192 0.293848
0.53420577 0.86097332
0.17078497 0.52934733
0.83048767 0.47127782
0.47051573 0.16896627
0.44319311 0.83436472
0.17089545 0.43554414
0.82890516 0.56518282
0.56424366 0.16874395
0.4181379 0.46477885
0.95142407 0.09888211
0.90142407 0.04888211
0.95 0
1 0.05
0.048645188 0.90112354
0.098645188 0.95112354
0.05 1
0 0.95
0.64751901 0.72114212
0.70511234 0.75770778
0.66264891 0.82317378
1 0.55
0.95315415 0.60934386
0.89606027 0.57892307
0.94290613 0.51957921
0.55 0
0.60889218 0.046102049
0.57789385 0.10254941
0.51900167 0.056447363
0.45 1
0.3918372 0.95451668
0.42314713 0.90151887
0.48130993 0.94700218
0 0.45
0.046572597 0.39103455
0.10375375 0.42171523
0.057181151 0.48068067
0.41375277 0.70888527
0.45992169 0.68225283
0.49180948 0.73491158
0.44564055 0.76154403
0.29335393 0.41105842
0.31532337 0.46818309
0.25915494 0.4882932
0.23718549 0.43116854
0.6068626 0.49542385
0.66545973 0.47222024
0.6882973 0.53213908
0.62970018 0.55534269
0.74318291 0.51272292
0.49662062 0.39711482
0.47348323 0.336122
0.53392601 0.31223573
0.5570634 0.37322855
0.59046813 0.29042642
0.51273316 0.25612662
0.56927527 0.23431731
0.75693324 0.70592383
0.33699057 0.82111461
0.30012583 0.76965019
0.35336998 0.73594108
0.39023471 0.78740549
0.66608384 0.17886916
0.65049318 0.26323356
0.61445771 0.21173848
0.26534596 0.35041757
0.44724706 0.62947047
0.36105526 0.59250401
0.35135278 0.38327683
0.41134893 0.35871893
0.48500045 0.54640604
0.54671243 0.5212096
0.58187918 0.4339273
0.60120619 0.63820033
0.67230537 0.66759287
0.57641982 0.69174958
0.22083451 0.63682606
0.2963643 0.61195964
0.32441838 0.67897648
0.24888859 0.70384289
0.78118953 0.36385297
0.70679245 0.38915304
0.6787087 0.32166629
0.75310579 0.29636622
0.36395799 0.2195319
0.3900565 0.294332
0.3233448 0.32263599
0.2972463 0.24783589
0.57410914 0.59018894
0.65679722 0.60335408
0.61868365 0.34885915
0.64349943 0.4095579
0.70438666 0.95498637
0.041572245 0.70205723
0.95862014 0.29799518
0.91172765 0.24717091
0.95310751 0.19917574
0.2471319 0.088995679
1 0.75
0.95245255 0.80269498
0.90609509 0.75747912
0.95364254 0.70478414
0.75 0
0.80240233 0.047730977
0.75673367 0.093646584
0.70433135 0.045915606
0.25 1
0.1978152 0.95227855
0.24389003 0.906408
0.29607484 0.95412945
0 0.25
0.047823306 0.19772562
0.093984322 0.24345774
0.046161016 0.29573212
0.54443882 0.890413
0.52733593 0.95992633
0.14257363 0.49535434
0.13956564 0.55903653
0.054173161 0.54436286
0.85814996 0.50521812
0.86144534 0.44142777
0.9462015 0.45578886
0.45549829 0.054055159
0.90453158 0.14805785
1 0.15
0.85 0
0.85382639 0.096613087
0.27423765 0.5493268
0.33892862 0.52987117
0.72875276 0.45181539
0.4521908 0.27173508
0.45290648 0.86418454
0.14262888 0.44845274
0.19620677 0.45163809
0.19615152 0.49853969
0.38259778 0.86789755
0.41235713 0.83056323
0.8573587 0.55217062
0.80435795 0.54910457
0.80514921 0.50215207
0.5511235 0.14081934
0.54829539 0.1935746
0.50143143 0.19368576
0.62024818 0.13272584
0.59347783 0.17099576
0.33791204 0.90864613
0.29230483 0.86186319
0.70897108 0.86252605
0.66313727 0.91323349
0.6168151 0.87388122
0.13656499 0.69398367
0.073460618 0.66727434
0.086061535 0.60957997
0.14916591 0.6362893
0.86004785 0.71053988
0.1388972 0.2912477
0.66322353 0.092017655
0.70905919 0.13816098
0.86433446 0.30624252
0.92692473 0.33284004
0.9145061 0.39063372
0.85191582 0.36403621
0.30627392 0.13659223
0.3327628 0.073930549
0.39031396 0.086114298
0.36382508 0.14877598
0.54315751 0.75849342
0.52507179 0.66816774
0.51239717 0.61538539
0.75895099 0.81223894
0.19137022 0.74508578
0.85681912 0.80739424
0.81077188 0.76045499
0.80972634 0.2551137
0.85711953 0.19604209
0.19419267 0.85543789
0.24260747 0.81089308
0.25530737 0.19107459
0.19616534 0.14347804
0.80641434 0.14459733
0.75873986 0.18911172
0.14480389 0.19407938
0.18971676 0.24186935
0.57516737 0.84612076
0.21123424 0.55957328
0.79071905 0.44124453
0.44088907 0.20929421
0.58608654 0.91817346
0.60875061 0.95824713
0.55 1
0.031888373 0.61521711
0 0.55
0.96830459 0.38484486
1 0.45
0.38481567 0.03205914
0.45 0
0.65 1
0 0.65
1 0.35
0.35 1
0.95071203 0.049441055
0.049322594 0.95056177
0.94803014 0.56446153
0.56394693 0.051274706
0.43657357 0.95075943
0.051876874 0.43585761
0.45278112 0.72189843
0.27625443 0.44967581
0.64757995 0.51378146
0.51527331 0.35467527
0.55160064 0.27327652
0.34518027 0.77852784
0.6243626 0.67967122
0.27262644 0.65790127
0.72994912 0.34275963
0.3436514 0.27108394
0.61545318 0.59677151
0.60028141 0.39139322
0.95304754 0.75373956
0.75336684 0.046823292
0.24694502 0.953204
0.046992161 0.24672887
0.098373398 0.5198586
0.95226579 0.14902892
0.8519132 0.048306544
0.31764646 0.5709154
0.43176986 0.315227
0.1693902 0.47349622
0.41775213 0.86604105
0.83125396 0.52716134
0.58568584 0.13677259
0.66289309 0.86820364
0.11131326 0.65178182
0.66465369 0.13544341
0.88942028 0.34843812
0.34829394 0.11135327
0.53411465 0.71333058
0.48615943 0.64881911
0.85843348 0.75896706
0.86072699 0.25114231
0.24324875 0.85865054
0.25121963 0.14003513
0.75773677 0.14137915
0.14185054 0.24266354
0.18020007 0.59793129
0.76695098 0.47698373
0.82131744 0.40264037
0.47681111 0.23271042
0.30834937 0.3668472
0.63458841 0.30604635
0.75794211 0.75908139
0.24574803 0.75736799
0.5295548 0.56829749
0.56804327 0.95908673
0.043030767 0.57978999
0.95725305 0.42031686
0.42015698 0.043057149
0.65656864 0.95661675
0.036730309 0.65863717
0.96346237 0.34142002
0.34395602 0.95432307
0.58137655 0.20265654
0.58062696 0.88214711
