MFEM mesh v1.0

#
# MFEM Geometry Types (see mesh/geom.hpp):
#
# POINT       = 0
# SEGMENT     = 1
# TRIANGLE    = 2
# SQUARE      = 3
# TETRAHEDRON = 4
# CUBE        = 5
# PRISM       = 6
#

dimension
3

elements
512
1 5 0 125 425 128 133 426 665 429
1 5 125 27 126 425 426 134 427 665
1 5 425 126 81 127 665 427 135 428
1 5 128 425 127 30 429 665 428 136
1 5 133 426 665 429 35 129 430 132
1 5 426 134 427 665 129 82 130 430
1 5 665 427 135 428 430 130 117 131
1 5 429 665 428 136 132 430 131 85
1 5 27 137 431 126 134 432 666 427
1 5 137 8 138 431 432 143 433 666
1 5 431 138 28 139 666 433 144 434
1 5 126 431 139 81 427 666 434 135
1 5 134 432 666 427 82 140 435 130
1 5 432 143 433 666 140 36 141 435
1 5 666 433 144 434 435 141 83 142
1 5 427 666 434 135 130 435 142 117
1 5 81 139 436 147 135 434 667 439
1 5 139 28 145 436 434 144 437 667
1 5 436 145 20 146 667 437 151 438
1 5 147 436 146 29 439 667 438 152
1 5 135 434 667 439 117 142 440 150
1 5 434 144 437 667 142 83 148 440
1 5 667 437 151 438 440 148 37 149
1 5 439 667 438 152 150 440 149 84
1 5 30 127 441 154 136 428 668 443
1 5 127 81 147 441 428 135 439 668
1 5 441 147 29 153 668 439 152 442
1 5 154 441 153 11 443 668 442 157
1 5 136 428 668 443 85 131 444 156
1 5 428 135 439 668 131 117 150 444
1 5 668 439 152 442 444 150 84 155
1 5 443 668 442 157 156 444 155 38
1 5 35 129 430 132 162 445 669 448
1 5 129 82 130 430 445 163 446 669
1 5 430 130 117 131 669 446 164 447
1 5 132 430 131 85 448 669 447 165
1 5 162 445 669 448 16 158 449 161
1 5 445 163 446 669 158 31 159 449
1 5 669 446 164 447 449 159 86 160
1 5 448 669 447 165 161 449 160 34
1 5 82 140 435 130 163 450 670 446
1 5 140 36 141 435 450 169 451 670
1 5 435 141 83 142 670 451 170 452
1 5 130 435 142 117 446 670 452 164
1 5 163 450 670 446 31 166 453 159
1 5 450 169 451 670 166 21 167 453
1 5 670 451 170 452 453 167 32 168
1 5 446 670 452 164 159 453 168 86
1 5 117 142 440 150 164 452 671 456
1 5 142 83 148 440 452 170 454 671
1 5 440 148 37 149 671 454 174 455
1 5 150 440 149 84 456 671 455 175
1 5 164 452 671 456 86 168 457 173
1 5 452 170 454 671 168 32 171 457
1 5 671 454 174 455 457 171 26 172
1 5 456 671 455 175 173 457 172 33
1 5 85 131 444 156 165 447 672 459
1 5 131 117 150 444 447 164 456 672
1 5 444 150 84 155 672 456 175 458
1 5 156 444 155 38 459 672 458 178
1 5 165 447 672 459 34 160 460 177
1 5 447 164 456 672 160 86 173 460
1 5 672 456 175 458 460 173 33 176
1 5 459 672 458 178 177 460 176 24
1 5 8 179 461 138 143 462 673 433
1 5 179 39 180 461 462 185 463 673
1 5 461 180 87 181 673 463 186 464
1 5 138 461 181 28 433 673 464 144
1 5 143 462 673 433 36 182 465 141
1 5 462 185 463 673 182 88 183 465
1 5 673 463 186 464 465 183 118 184
1 5 433 673 464 144 141 465 184 83
1 5 39 187 466 180 185 467 674 463
1 5 187 1 188 466 467 193 468 674
1 5 466 188 40 189 674 468 194 469
1 5 180 466 189 87 463 674 469 186
1 5 185 467 674 463 88 190 470 183
1 5 467 193 468 674 190 45 191 470
1 5 674 468 194 469 470 191 89 192
1 5 463 674 469 186 183 470 192 118
1 5 87 189 471 197 186 469 675 474
1 5 189 40 195 471 469 194 472 675
1 5 471 195 9 196 675 472 201 473
1 5 197 471 196 41 474 675 473 202
1 5 186 469 675 474 118 192 475 200
1 5 469 194 472 675 192 89 198 475
1 5 675 472 201 473 475 198 46 199
1 5 474 675 473 202 200 475 199 90
1 5 28 181 476 145 144 464 676 437
1 5 181 87 197 476 464 186 474 676
1 5 476 197 41 203 676 474 202 477
1 5 145 476 203 20 437 676 477 151
1 5 144 464 676 437 83 184 478 148
1 5 464 186 474 676 184 118 200 478
1 5 676 474 202 477 478 200 90 204
1 5 437 676 477 151 148 478 204 37
1 5 36 182 465 141 169 479 677 451
1 5 182 88 183 465 479 208 480 677
1 5 465 183 118 184 677 480 209 481
1 5 141 465 184 83 451 677 481 170
1 5 169 479 677 451 21 205 482 167
1 5 479 208 480 677 205 42 206 482
1 5 677 480 209 481 482 206 91 207
1 5 451 677 481 170 167 482 207 32
1 5 88 190 470 183 208 483 678 480
1 5 190 45 191 470 483 213 484 678
1 5 470 191 89 192 678 484 214 485
1 5 183 470 192 118 480 678 485 209
1 5 208 483 678 480 42 210 486 206
1 5 483 213 484 678 210 17 211 486
1 5 678 484 214 485 486 211 43 212
1 5 480 678 485 209 206 486 212 91
1 5 118 192 475 200 209 485 679 489
1 5 192 89 198 475 485 214 487 679
1 5 475 198 46 199 679 487 218 488
1 5 200 475 199 90 489 679 488 219
1 5 209 485 679 489 91 212 490 217
1 5 485 214 487 679 212 43 215 490
1 5 679 487 218 488 490 215 22 216
1 5 489 679 488 219 217 490 216 44
1 5 83 184 478 148 170 481 680 454
1 5 184 118 200 478 481 209 489 680
1 5 478 200 90 204 680 489 219 491
1 5 148 478 204 37 454 680 491 174
1 5 170 481 680 454 32 207 492 171
1 5 481 209 489 680 207 91 217 492
1 5 680 489 219 491 492 217 44 220
1 5 454 680 491 174 171 492 220 26
1 5 20 203 493 223 151 477 681 496
1 5 203 41 221 493 477 202 494 681
1 5 493 221 92 222 681 494 227 495
1 5 223 493 222 49 496 681 495 228
1 5 151 477 681 496 37 204 497 226
1 5 477 202 494 681 204 90 224 497
1 5 681 494 227 495 497 224 119 225
1 5 496 681 495 228 226 497 225 95
1 5 41 196 498 221 202 473 682 494
1 5 196 9 229 498 473 201 499 682
1 5 498 229 47 230 682 499 233 500
1 5 221 498 230 92 494 682 500 227
1 5 202 473 682 494 90 199 501 224
1 5 473 201 499 682 199 46 231 501
1 5 682 499 233 500 501 231 93 232
1 5 494 682 500 227 224 501 232 119
1 5 92 230 502 236 227 500 683 505
1 5 230 47 234 502 500 233 503 683
1 5 502 234 2 235 683 503 240 504
1 5 236 502 235 48 505 683 504 241
1 5 227 500 683 505 119 232 506 239
1 5 500 233 503 683 232 93 237 506
1 5 683 503 240 504 506 237 53 238
1 5 505 683 504 241 239 506 238 94
1 5 49 222 507 243 228 495 684 509
1 5 222 92 236 507 495 227 505 684
1 5 507 236 48 242 684 505 241 508
1 5 243 507 242 10 509 684 508 246
1 5 228 495 684 509 95 225 510 245
1 5 495 227 505 684 225 119 239 510
1 5 684 505 241 508 510 239 94 244
1 5 509 684 508 246 245 510 244 54
1 5 37 204 497 226 174 491 685 513
1 5 204 90 224 497 491 219 511 685
1 5 497 224 119 225 685 511 250 512
1 5 226 497 225 95 513 685 512 251
1 5 174 491 685 513 26 220 514 249
1 5 491 219 511 685 220 44 247 514
1 5 685 511 250 512 514 247 96 248
1 5 513 685 512 251 249 514 248 52
1 5 90 199 501 224 219 488 686 511
1 5 199 46 231 501 488 218 515 686
1 5 501 231 93 232 686 515 254 516
1 5 224 501 232 119 511 686 516 250
1 5 219 488 686 511 44 216 517 247
1 5 488 218 515 686 216 22 252 517
1 5 686 515 254 516 517 252 50 253
1 5 511 686 516 250 247 517 253 96
1 5 119 232 506 239 250 516 687 520
1 5 232 93 237 506 516 254 518 687
1 5 506 237 53 238 687 518 258 519
1 5 239 506 238 94 520 687 519 259
1 5 250 516 687 520 96 253 521 257
1 5 516 254 518 687 253 50 255 521
1 5 687 518 258 519 521 255 18 256
1 5 520 687 519 259 257 521 256 51
1 5 95 225 510 245 251 512 688 523
1 5 225 119 239 510 512 250 520 688
1 5 510 239 94 244 688 520 259 522
1 5 245 510 244 54 523 688 522 262
1 5 251 512 688 523 52 248 524 261
1 5 512 250 520 688 248 96 257 524
1 5 688 520 259 522 524 257 51 260
1 5 523 688 522 262 261 524 260 23
1 5 11 153 525 265 157 442 689 528
1 5 153 29 263 525 442 152 526 689
1 5 525 263 97 264 689 526 269 527
1 5 265 525 264 56 528 689 527 270
1 5 157 442 689 528 38 155 529 268
1 5 442 152 526 689 155 84 266 529
1 5 689 526 269 527 529 266 120 267
1 5 528 689 527 270 268 529 267 99
1 5 29 146 530 263 152 438 690 526
1 5 146 20 223 530 438 151 496 690
1 5 530 223 49 271 690 496 228 531
1 5 263 530 271 97 526 690 531 269
1 5 152 438 690 526 84 149 532 266
1 5 438 151 496 690 149 37 226 532
1 5 690 496 228 531 532 226 95 272
1 5 526 690 531 269 266 532 272 120
1 5 97 271 533 274 269 531 691 535
1 5 271 49 243 533 531 228 509 691
1 5 533 243 10 273 691 509 246 534
1 5 274 533 273 55 535 691 534 277
1 5 269 531 691 535 120 272 536 276
1 5 531 228 509 691 272 95 245 536
1 5 691 509 246 534 536 245 54 275
1 5 535 691 534 277 276 536 275 98
1 5 56 264 537 279 270 527 692 539
1 5 264 97 274 537 527 269 535 692
1 5 537 274 55 278 692 535 277 538
1 5 279 537 278 3 539 692 538 282
1 5 270 527 692 539 99 267 540 281
1 5 527 269 535 692 267 120 276 540
1 5 692 535 277 538 540 276 98 280
1 5 539 692 538 282 281 540 280 59
1 5 38 155 529 268 178 458 693 543
1 5 155 84 266 529 458 175 541 693
1 5 529 266 120 267 693 541 286 542
1 5 268 529 267 99 543 693 542 287
1 5 178 458 693 543 24 176 544 285
1 5 458 175 541 693 176 33 283 544
1 5 693 541 286 542 544 283 100 284
1 5 543 693 542 287 285 544 284 58
1 5 84 149 532 266 175 455 694 541
1 5 149 37 226 532 455 174 513 694
1 5 532 226 95 272 694 513 251 545
1 5 266 532 272 120 541 694 545 286
1 5 175 455 694 541 33 172 546 283
1 5 455 174 513 694 172 26 249 546
1 5 694 513 251 545 546 249 52 288
1 5 541 694 545 286 283 546 288 100
1 5 120 272 536 276 286 545 695 548
1 5 272 95 245 536 545 251 523 695
1 5 536 245 54 275 695 523 262 547
1 5 276 536 275 98 548 695 547 291
1 5 286 545 695 548 100 288 549 290
1 5 545 251 523 695 288 52 261 549
1 5 695 523 262 547 549 261 23 289
1 5 548 695 547 291 290 549 289 57
1 5 99 267 540 281 287 542 696 551
1 5 267 120 276 540 542 286 548 696
1 5 540 276 98 280 696 548 291 550
1 5 281 540 280 59 551 696 550 294
1 5 287 542 696 551 58 284 552 293
1 5 542 286 548 696 284 100 290 552
1 5 696 548 291 550 552 290 57 292
1 5 551 696 550 294 293 552 292 19
1 5 16 158 449 161 299 553 697 556
1 5 158 31 159 449 553 300 554 697
1 5 449 159 86 160 697 554 301 555
1 5 161 449 160 34 556 697 555 302
1 5 299 553 697 556 64 295 557 298
1 5 553 300 554 697 295 101 296 557
1 5 697 554 301 555 557 296 121 297
1 5 556 697 555 302 298 557 297 104
1 5 31 166 453 159 300 558 698 554
1 5 166 21 167 453 558 306 559 698
1 5 453 167 32 168 698 559 307 560
1 5 159 453 168 86 554 698 560 301
1 5 300 558 698 554 101 303 561 296
1 5 558 306 559 698 303 65 304 561
1 5 698 559 307 560 561 304 102 305
1 5 554 698 560 301 296 561 305 121
1 5 86 168 457 173 301 560 699 564
1 5 168 32 171 457 560 307 562 699
1 5 457 171 26 172 699 562 311 563
1 5 173 457 172 33 564 699 563 312
1 5 301 560 699 564 121 305 565 310
1 5 560 307 562 699 305 102 308 565
1 5 699 562 311 563 565 308 66 309
1 5 564 699 563 312 310 565 309 103
1 5 34 160 460 177 302 555 700 567
1 5 160 86 173 460 555 301 564 700
1 5 460 173 33 176 700 564 312 566
1 5 177 460 176 24 567 700 566 315
1 5 302 555 700 567 104 297 568 314
1 5 555 301 564 700 297 121 310 568
1 5 700 564 312 566 568 310 103 313
1 5 567 700 566 315 314 568 313 67
1 5 64 295 557 298 320 569 701 572
1 5 295 101 296 557 569 321 570 701
1 5 557 296 121 297 701 570 322 571
1 5 298 557 297 104 572 701 571 323
1 5 320 569 701 572 4 316 573 319
1 5 569 321 570 701 316 60 317 573
1 5 701 570 322 571 573 317 105 318
1 5 572 701 571 323 319 573 318 63
1 5 101 303 561 296 321 574 702 570
1 5 303 65 304 561 574 327 575 702
1 5 561 304 102 305 702 575 328 576
1 5 296 561 305 121 570 702 576 322
1 5 321 574 702 570 60 324 577 317
1 5 574 327 575 702 324 12 325 577
1 5 702 575 328 576 577 325 61 326
1 5 570 702 576 322 317 577 326 105
1 5 121 305 565 310 322 576 703 580
1 5 305 102 308 565 576 328 578 703
1 5 565 308 66 309 703 578 332 579
1 5 310 565 309 103 580 703 579 333
1 5 322 576 703 580 105 326 581 331
1 5 576 328 578 703 326 61 329 581
1 5 703 578 332 579 581 329 25 330
1 5 580 703 579 333 331 581 330 62
1 5 104 297 568 314 323 571 704 583
1 5 297 121 310 568 571 322 580 704
1 5 568 310 103 313 704 580 333 582
1 5 314 568 313 67 583 704 582 336
1 5 323 571 704 583 63 318 584 335
1 5 571 322 580 704 318 105 331 584
1 5 704 580 333 582 584 331 62 334
1 5 583 704 582 336 335 584 334 15
1 5 21 205 482 167 306 585 705 559
1 5 205 42 206 482 585 340 586 705
1 5 482 206 91 207 705 586 341 587
1 5 167 482 207 32 559 705 587 307
1 5 306 585 705 559 65 337 588 304
1 5 585 340 586 705 337 106 338 588
1 5 705 586 341 587 588 338 122 339
1 5 559 705 587 307 304 588 339 102
1 5 42 210 486 206 340 589 706 586
1 5 210 17 211 486 589 345 590 706
1 5 486 211 43 212 706 590 346 591
1 5 206 486 212 91 586 706 591 341
1 5 340 589 706 586 106 342 592 338
1 5 589 345 590 706 342 71 343 592
1 5 706 590 346 591 592 343 107 344
1 5 586 706 591 341 338 592 344 122
1 5 91 212 490 217 341 591 707 595
1 5 212 43 215 490 591 346 593 707
1 5 490 215 22 216 707 593 350 594
1 5 217 490 216 44 595 707 594 351
1 5 341 591 707 595 122 344 596 349
1 5 591 346 593 707 344 107 347 596
1 5 707 593 350 594 596 347 72 348
1 5 595 707 594 351 349 596 348 108
1 5 32 207 492 171 307 587 708 562
1 5 207 91 217 492 587 341 595 708
1 5 492 217 44 220 708 595 351 597
1 5 171 492 220 26 562 708 597 311
1 5 307 587 708 562 102 339 598 308
1 5 587 341 595 708 339 122 349 598
1 5 708 595 351 597 598 349 108 352
1 5 562 708 597 311 308 598 352 66
1 5 65 337 588 304 327 599 709 575
1 5 337 106 338 588 599 356 600 709
1 5 588 338 122 339 709 600 357 601
1 5 304 588 339 102 575 709 601 328
1 5 327 599 709 575 12 353 602 325
1 5 599 356 600 709 353 68 354 602
1 5 709 600 357 601 602 354 109 355
1 5 575 709 601 328 325 602 355 61
1 5 106 342 592 338 356 603 710 600
1 5 342 71 343 592 603 361 604 710
1 5 592 343 107 344 710 604 362 605
1 5 338 592 344 122 600 710 605 357
1 5 356 603 710 600 68 358 606 354
1 5 603 361 604 710 358 5 359 606
1 5 710 604 362 605 606 359 69 360
1 5 600 710 605 357 354 606 360 109
1 5 122 344 596 349 357 605 711 609
1 5 344 107 347 596 605 362 607 711
1 5 596 347 72 348 711 607 366 608
1 5 349 596 348 108 609 711 608 367
1 5 357 605 711 609 109 360 610 365
1 5 605 362 607 711 360 69 363 610
1 5 711 607 366 608 610 363 13 364
1 5 609 711 608 367 365 610 364 70
1 5 102 339 598 308 328 601 712 578
1 5 339 122 349 598 601 357 609 712
1 5 598 349 108 352 712 609 367 611
1 5 308 598 352 66 578 712 611 332
1 5 328 601 712 578 61 355 612 329
1 5 601 357 609 712 355 109 365 612
1 5 712 609 367 611 612 365 70 368
1 5 578 712 611 332 329 612 368 25
1 5 26 220 514 249 311 597 713 615
1 5 220 44 247 514 597 351 613 713
1 5 514 247 96 248 713 613 372 614
1 5 249 514 248 52 615 713 614 373
1 5 311 597 713 615 66 352 616 371
1 5 597 351 613 713 352 108 369 616
1 5 713 613 372 614 616 369 123 370
1 5 615 713 614 373 371 616 370 112
1 5 44 216 517 247 351 594 714 613
1 5 216 22 252 517 594 350 617 714
1 5 517 252 50 253 714 617 376 618
1 5 247 517 253 96 613 714 618 372
1 5 351 594 714 613 108 348 619 369
1 5 594 350 617 714 348 72 374 619
1 5 714 617 376 618 619 374 110 375
1 5 613 714 618 372 369 619 375 123
1 5 96 253 521 257 372 618 715 622
1 5 253 50 255 521 618 376 620 715
1 5 521 255 18 256 715 620 380 621
1 5 257 521 256 51 622 715 621 381
1 5 372 618 715 622 123 375 623 379
1 5 618 376 620 715 375 110 377 623
1 5 715 620 380 621 623 377 76 378
1 5 622 715 621 381 379 623 378 111
1 5 52 248 524 261 373 614 716 625
1 5 248 96 257 524 614 372 622 716
1 5 524 257 51 260 716 622 381 624
1 5 261 524 260 23 625 716 624 384
1 5 373 614 716 625 112 370 626 383
1 5 614 372 622 716 370 123 379 626
1 5 716 622 381 624 626 379 111 382
1 5 625 716 624 384 383 626 382 77
1 5 66 352 616 371 332 611 717 629
1 5 352 108 369 616 611 367 627 717
1 5 616 369 123 370 717 627 388 628
1 5 371 616 370 112 629 717 628 389
1 5 332 611 717 629 25 368 630 387
1 5 611 367 627 717 368 70 385 630
1 5 717 627 388 628 630 385 113 386
1 5 629 717 628 389 387 630 386 75
1 5 108 348 619 369 367 608 718 627
1 5 348 72 374 619 608 366 631 718
1 5 619 374 110 375 718 631 392 632
1 5 369 619 375 123 627 718 632 388
1 5 367 608 718 627 70 364 633 385
1 5 608 366 631 718 364 13 390 633
1 5 718 631 392 632 633 390 73 391
1 5 627 718 632 388 385 633 391 113
1 5 123 375 623 379 388 632 719 636
1 5 375 110 377 623 632 392 634 719
1 5 623 377 76 378 719 634 396 635
1 5 379 623 378 111 636 719 635 397
1 5 388 632 719 636 113 391 637 395
1 5 632 392 634 719 391 73 393 637
1 5 719 634 396 635 637 393 6 394
1 5 636 719 635 397 395 637 394 74
1 5 112 370 626 383 389 628 720 639
1 5 370 123 379 626 628 388 636 720
1 5 626 379 111 382 720 636 397 638
1 5 383 626 382 77 639 720 638 400
1 5 389 628 720 639 75 386 640 399
1 5 628 388 636 720 386 113 395 640
1 5 720 636 397 638 640 395 74 398
1 5 639 720 638 400 399 640 398 14
1 5 24 176 544 285 315 566 721 643
1 5 176 33 283 544 566 312 641 721
1 5 544 283 100 284 721 641 404 642
1 5 285 544 284 58 643 721 642 405
1 5 315 566 721 643 67 313 644 403
1 5 566 312 641 721 313 103 401 644
1 5 721 641 404 642 644 401 124 402
1 5 643 721 642 405 403 644 402 115
1 5 33 172 546 283 312 563 722 641
1 5 172 26 249 546 563 311 615 722
1 5 546 249 52 288 722 615 373 645
1 5 283 546 288 100 641 722 645 404
1 5 312 563 722 641 103 309 646 401
1 5 563 311 615 722 309 66 371 646
1 5 722 615 373 645 646 371 112 406
1 5 641 722 645 404 401 646 406 124
1 5 100 288 549 290 404 645 723 648
1 5 288 52 261 549 645 373 625 723
1 5 549 261 23 289 723 625 384 647
1 5 290 549 289 57 648 723 647 409
1 5 404 645 723 648 124 406 649 408
1 5 645 373 625 723 406 112 383 649
1 5 723 625 384 647 649 383 77 407
1 5 648 723 647 409 408 649 407 114
1 5 58 284 552 293 405 642 724 651
1 5 284 100 290 552 642 404 648 724
1 5 552 290 57 292 724 648 409 650
1 5 293 552 292 19 651 724 650 412
1 5 405 642 724 651 115 402 652 411
1 5 642 404 648 724 402 124 408 652
1 5 724 648 409 650 652 408 114 410
1 5 651 724 650 412 411 652 410 80
1 5 67 313 644 403 336 582 725 655
1 5 313 103 401 644 582 333 653 725
1 5 644 401 124 402 725 653 416 654
1 5 403 644 402 115 655 725 654 417
1 5 336 582 725 655 15 334 656 415
1 5 582 333 653 725 334 62 413 656
1 5 725 653 416 654 656 413 116 414
1 5 655 725 654 417 415 656 414 79
1 5 103 309 646 401 333 579 726 653
1 5 309 66 371 646 579 332 629 726
1 5 646 371 112 406 726 629 389 657
1 5 401 646 406 124 653 726 657 416
1 5 333 579 726 653 62 330 658 413
1 5 579 332 629 726 330 25 387 658
1 5 726 629 389 657 658 387 75 418
1 5 653 726 657 416 413 658 418 116
1 5 124 406 649 408 416 657 727 660
1 5 406 112 383 649 657 389 639 727
1 5 649 383 77 407 727 639 400 659
1 5 408 649 407 114 660 727 659 421
1 5 416 657 727 660 116 418 661 420
1 5 657 389 639 727 418 75 399 661
1 5 727 639 400 659 661 399 14 419
1 5 660 727 659 421 420 661 419 78
1 5 115 402 652 411 417 654 728 663
1 5 402 124 408 652 654 416 660 728
1 5 652 408 114 410 728 660 421 662
1 5 411 652 410 80 663 728 662 424
1 5 417 654 728 663 79 414 664 423
1 5 654 416 660 728 414 116 420 664
1 5 728 660 421 662 664 420 78 422
1 5 663 728 662 424 423 664 422 7

boundary
384
1 3 2 234 502 235
1 3 234 47 230 502
1 3 502 230 92 236
1 3 235 502 236 48
1 3 47 229 498 230
1 3 229 9 196 498
1 3 498 196 41 221
1 3 230 498 221 92
1 3 92 221 493 222
1 3 221 41 203 493
1 3 493 203 20 223
1 3 222 493 223 49
1 3 48 236 507 242
1 3 236 92 222 507
1 3 507 222 49 243
1 3 242 507 243 10
1 3 9 195 471 196
1 3 195 40 189 471
1 3 471 189 87 197
1 3 196 471 197 41
1 3 40 188 466 189
1 3 188 1 187 466
1 3 466 187 39 180
1 3 189 466 180 87
1 3 87 180 461 181
1 3 180 39 179 461
1 3 461 179 8 138
1 3 181 461 138 28
1 3 41 197 476 203
1 3 197 87 181 476
1 3 476 181 28 145
1 3 203 476 145 20
1 3 20 145 436 146
1 3 145 28 139 436
1 3 436 139 81 147
1 3 146 436 147 29
1 3 28 138 431 139
1 3 138 8 137 431
1 3 431 137 27 126
1 3 139 431 126 81
1 3 81 126 425 127
1 3 126 27 125 425
1 3 425 125 0 128
1 3 127 425 128 30
1 3 29 147 441 153
1 3 147 81 127 441
1 3 441 127 30 154
1 3 153 441 154 11
1 3 10 243 533 273
1 3 243 49 271 533
1 3 533 271 97 274
1 3 273 533 274 55
1 3 49 223 530 271
1 3 223 20 146 530
1 3 530 146 29 263
1 3 271 530 263 97
1 3 97 263 525 264
1 3 263 29 153 525
1 3 525 153 11 265
1 3 264 525 265 56
1 3 55 274 537 278
1 3 274 97 264 537
1 3 537 264 56 279
1 3 278 537 279 3
1 3 4 316 573 319
1 3 316 60 317 573
1 3 573 317 105 318
1 3 319 573 318 63
1 3 60 324 577 317
1 3 324 12 325 577
1 3 577 325 61 326
1 3 317 577 326 105
1 3 105 326 581 331
1 3 326 61 329 581
1 3 581 329 25 330
1 3 331 581 330 62
1 3 63 318 584 335
1 3 318 105 331 584
1 3 584 331 62 334
1 3 335 584 334 15
1 3 12 353 602 325
1 3 353 68 354 602
1 3 602 354 109 355
1 3 325 602 355 61
1 3 68 358 606 354
1 3 358 5 359 606
1 3 606 359 69 360
1 3 354 606 360 109
1 3 109 360 610 365
1 3 360 69 363 610
1 3 610 363 13 364
1 3 365 610 364 70
1 3 61 355 612 329
1 3 355 109 365 612
1 3 612 365 70 368
1 3 329 612 368 25
1 3 25 368 630 387
1 3 368 70 385 630
1 3 630 385 113 386
1 3 387 630 386 75
1 3 70 364 633 385
1 3 364 13 390 633
1 3 633 390 73 391
1 3 385 633 391 113
1 3 113 391 637 395
1 3 391 73 393 637
1 3 637 393 6 394
1 3 395 637 394 74
1 3 75 386 640 399
1 3 386 113 395 640
1 3 640 395 74 398
1 3 399 640 398 14
1 3 15 334 656 415
1 3 334 62 413 656
1 3 656 413 116 414
1 3 415 656 414 79
1 3 62 330 658 413
1 3 330 25 387 658
1 3 658 387 75 418
1 3 413 658 418 116
1 3 116 418 661 420
1 3 418 75 399 661
1 3 661 399 14 419
1 3 420 661 419 78
1 3 79 414 664 423
1 3 414 116 420 664
1 3 664 420 78 422
1 3 423 664 422 7
1 3 0 125 426 133
1 3 125 27 134 426
1 3 426 134 82 129
1 3 133 426 129 35
1 3 27 137 432 134
1 3 137 8 143 432
1 3 432 143 36 140
1 3 134 432 140 82
1 3 82 140 450 163
1 3 140 36 169 450
1 3 450 169 21 166
1 3 163 450 166 31
1 3 35 129 445 162
1 3 129 82 163 445
1 3 445 163 31 158
1 3 162 445 158 16
1 3 8 179 462 143
1 3 179 39 185 462
1 3 462 185 88 182
1 3 143 462 182 36
1 3 39 187 467 185
1 3 187 1 193 467
1 3 467 193 45 190
1 3 185 467 190 88
1 3 88 190 483 208
1 3 190 45 213 483
1 3 483 213 17 210
1 3 208 483 210 42
1 3 36 182 479 169
1 3 182 88 208 479
1 3 479 208 42 205
1 3 169 479 205 21
1 3 21 205 585 306
1 3 205 42 340 585
1 3 585 340 106 337
1 3 306 585 337 65
1 3 42 210 589 340
1 3 210 17 345 589
1 3 589 345 71 342
1 3 340 589 342 106
1 3 106 342 603 356
1 3 342 71 361 603
1 3 603 361 5 358
1 3 356 603 358 68
1 3 65 337 599 327
1 3 337 106 356 599
1 3 599 356 68 353
1 3 327 599 353 12
1 3 16 158 553 299
1 3 158 31 300 553
1 3 553 300 101 295
1 3 299 553 295 64
1 3 31 166 558 300
1 3 166 21 306 558
1 3 558 306 65 303
1 3 300 558 303 101
1 3 101 303 574 321
1 3 303 65 327 574
1 3 574 327 12 324
1 3 321 574 324 60
1 3 64 295 569 320
1 3 295 101 321 569
1 3 569 321 60 316
1 3 320 569 316 4
1 3 2 235 504 240
1 3 235 48 241 504
1 3 504 241 94 238
1 3 240 504 238 53
1 3 48 242 508 241
1 3 242 10 246 508
1 3 508 246 54 244
1 3 241 508 244 94
1 3 94 244 522 259
1 3 244 54 262 522
1 3 522 262 23 260
1 3 259 522 260 51
1 3 53 238 519 258
1 3 238 94 259 519
1 3 519 259 51 256
1 3 258 519 256 18
1 3 10 273 534 246
1 3 273 55 277 534
1 3 534 277 98 275
1 3 246 534 275 54
1 3 55 278 538 277
1 3 278 3 282 538
1 3 538 282 59 280
1 3 277 538 280 98
1 3 98 280 550 291
1 3 280 59 294 550
1 3 550 294 19 292
1 3 291 550 292 57
1 3 54 275 547 262
1 3 275 98 291 547
1 3 547 291 57 289
1 3 262 547 289 23
1 3 23 289 647 384
1 3 289 57 409 647
1 3 647 409 114 407
1 3 384 647 407 77
1 3 57 292 650 409
1 3 292 19 412 650
1 3 650 412 80 410
1 3 409 650 410 114
1 3 114 410 662 421
1 3 410 80 424 662
1 3 662 424 7 422
1 3 421 662 422 78
1 3 77 407 659 400
1 3 407 114 421 659
1 3 659 421 78 419
1 3 400 659 419 14
1 3 18 256 621 380
1 3 256 51 381 621
1 3 621 381 111 378
1 3 380 621 378 76
1 3 51 260 624 381
1 3 260 23 384 624
1 3 624 384 77 382
1 3 381 624 382 111
1 3 111 382 638 397
1 3 382 77 400 638
1 3 638 400 14 398
1 3 397 638 398 74
1 3 76 378 635 396
1 3 378 111 397 635
1 3 635 397 74 394
1 3 396 635 394 6
1 3 1 188 468 193
1 3 188 40 194 468
1 3 468 194 89 191
1 3 193 468 191 45
1 3 40 195 472 194
1 3 195 9 201 472
1 3 472 201 46 198
1 3 194 472 198 89
1 3 89 198 487 214
1 3 198 46 218 487
1 3 487 218 22 215
1 3 214 487 215 43
1 3 45 191 484 213
1 3 191 89 214 484
1 3 484 214 43 211
1 3 213 484 211 17
1 3 9 229 499 201
1 3 229 47 233 499
1 3 499 233 93 231
1 3 201 499 231 46
1 3 47 234 503 233
1 3 234 2 240 503
1 3 503 240 53 237
1 3 233 503 237 93
1 3 93 237 518 254
1 3 237 53 258 518
1 3 518 258 18 255
1 3 254 518 255 50
1 3 46 231 515 218
1 3 231 93 254 515
1 3 515 254 50 252
1 3 218 515 252 22
1 3 22 252 617 350
1 3 252 50 376 617
1 3 617 376 110 374
1 3 350 617 374 72
1 3 50 255 620 376
1 3 255 18 380 620
1 3 620 380 76 377
1 3 376 620 377 110
1 3 110 377 634 392
1 3 377 76 396 634
1 3 634 396 6 393
1 3 392 634 393 73
1 3 72 374 631 366
1 3 374 110 392 631
1 3 631 392 73 390
1 3 366 631 390 13
1 3 17 211 590 345
1 3 211 43 346 590
1 3 590 346 107 343
1 3 345 590 343 71
1 3 43 215 593 346
1 3 215 22 350 593
1 3 593 350 72 347
1 3 346 593 347 107
1 3 107 347 607 362
1 3 347 72 366 607
1 3 607 366 13 363
1 3 362 607 363 69
1 3 71 343 604 361
1 3 343 107 362 604
1 3 604 362 69 359
1 3 361 604 359 5
1 3 3 279 539 282
1 3 279 56 270 539
1 3 539 270 99 281
1 3 282 539 281 59
1 3 56 265 528 270
1 3 265 11 157 528
1 3 528 157 38 268
1 3 270 528 268 99
1 3 99 268 543 287
1 3 268 38 178 543
1 3 543 178 24 285
1 3 287 543 285 58
1 3 59 281 551 294
1 3 281 99 287 551
1 3 551 287 58 293
1 3 294 551 293 19
1 3 11 154 443 157
1 3 154 30 136 443
1 3 443 136 85 156
1 3 157 443 156 38
1 3 30 128 429 136
1 3 128 0 133 429
1 3 429 133 35 132
1 3 136 429 132 85
1 3 85 132 448 165
1 3 132 35 162 448
1 3 448 162 16 161
1 3 165 448 161 34
1 3 38 156 459 178
1 3 156 85 165 459
1 3 459 165 34 177
1 3 178 459 177 24
1 3 24 177 567 315
1 3 177 34 302 567
1 3 567 302 104 314
1 3 315 567 314 67
1 3 34 161 556 302
1 3 161 16 299 556
1 3 556 299 64 298
1 3 302 556 298 104
1 3 104 298 572 323
1 3 298 64 320 572
1 3 572 320 4 319
1 3 323 572 319 63
1 3 67 314 583 336
1 3 314 104 323 583
1 3 583 323 63 335
1 3 336 583 335 15
1 3 19 293 651 412
1 3 293 58 405 651
1 3 651 405 115 411
1 3 412 651 411 80
1 3 58 285 643 405
1 3 285 24 315 643
1 3 643 315 67 403
1 3 405 643 403 115
1 3 115 403 655 417
1 3 403 67 336 655
1 3 655 336 15 415
1 3 417 655 415 79
1 3 80 411 663 424
1 3 411 115 417 663
1 3 663 417 79 423
1 3 424 663 423 7

vertices
729
3
0 0 0
1 0 0
1 1 0
0 1 0
0 0 1
1 0 1
1 1 1
0 1 1
0.5 0 0
1 0.5 0
0.5 1 0
0 0.5 0
0.5 0 1
1 0.5 1
0.5 1 1
0 0.5 1
0 0 0.5
1 0 0.5
1 1 0.5
0 1 0.5
0.5 0.5 0
0.5 0 0.5
1 0.5 0.5
0.5 1 0.5
0 0.5 0.5
0.5 0.5 1
0.5 0.5 0.5
0.25 0 0
0.5 0.25 0
0.25 0.5 0
0 0.25 0
0.25 0 0.5
0.5 0.25 0.5
0.25 0.5 0.5
0 0.25 0.5
0 0 0.25
0.5 0 0.25
0.5 0.5 0.25
0 0.5 0.25
0.75 0 0
1 0.25 0
0.75 0.5 0
0.75 0 0.5
1 0.25 0.5
0.75 0.5 0.5
1 0 0.25
1 0.5 0.25
1 0.75 0
0.75 1 0
0.5 0.75 0
1 0.75 0.5
0.75 1 0.5
0.5 0.75 0.5
1 1 0.25
0.5 1 0.25
0.25 1 0
0 0.75 0
0.25 1 0.5
0 0.75 0.5
0 1 0.25
0.25 0 1
0.5 0.25 1
0.25 0.5 1
0 0.25 1
0 0 0.75
0.5 0 0.75
0.5 0.5 0.75
0 0.5 0.75
0.75 0 1
1 0.25 1
0.75 0.5 1
1 0 0.75
1 0.5 0.75
1 0.75 1
0.75 1 1
0.5 0.75 1
1 1 0.75
0.5 1 0.75
0.25 1 1
0 0.75 1
0 1 0.75
0.25 0.25 0
0.25 0 0.25
0.5 0.25 0.25
0.25 0.5 0.25
0 0.25 0.25
0.25 0.25 0.5
0.75 0.25 0
0.75 0 0.25
1 0.25 0.25
0.75 0.5 0.25
0.75 0.25 0.5
0.75 0.75 0
1 0.75 0.25
0.75 1 0.25
0.5 0.75 0.25
0.75 0.75 0.5
0.25 0.75 0
0.25 1 0.25
0 0.75 0.25
0.25 0.75 0.5
0.25 0 0.75
0.5 0.25 0.75
0.25 0.5 0.75
0 0.25 0.75
0.25 0.25 1
0.75 0 0.75
1 0.25 0.75
0.75 0.5 0.75
0.75 0.25 1
1 0.75 0.75
0.75 1 0.75
0.5 0.75 0.75
0.75 0.75 1
0.25 1 0.75
0 0.75 0.75
0.25 0.75 1
0.25 0.25 0.25
0.75 0.25 0.25
0.75 0.75 0.25
0.25 0.75 0.25
0.25 0.25 0.75
0.75 0.25 0.75
0.75 0.75 0.75
0.25 0.75 0.75
0.125 0 0
0.25 0.125 0
0.125 0.25 0
0 0.125 0
0.125 0 0.25
0.25 0.125 0.25
0.125 0.25 0.25
0 0.125 0.25
0 0 0.125
0.25 0 0.125
0.25 0.25 0.125
0 0.25 0.125
0.375 0 0
0.5 0.125 0
0.375 0.25 0
0.375 0 0.25
0.5 0.125 0.25
0.375 0.25 0.25
0.5 0 0.125
0.5 0.25 0.125
0.5 0.375 0
0.375 0.5 0
0.25 0.375 0
0.5 0.375 0.25
0.375 0.5 0.25
0.25 0.375 0.25
0.5 0.5 0.125
0.25 0.5 0.125
0.125 0.5 0
0 0.375 0
0.125 0.5 0.25
0 0.375 0.25
0 0.5 0.125
0.125 0 0.5
0.25 0.125 0.5
0.125 0.25 0.5
0 0.125 0.5
0 0 0.375
0.25 0 0.375
0.25 0.25 0.375
0 0.25 0.375
0.375 0 0.5
0.5 0.125 0.5
0.375 0.25 0.5
0.5 0 0.375
0.5 0.25 0.375
0.5 0.375 0.5
0.375 0.5 0.5
0.25 0.375 0.5
0.5 0.5 0.375
0.25 0.5 0.375
0.125 0.5 0.5
0 0.375 0.5
0 0.5 0.375
0.625 0 0
0.75 0.125 0
0.625 0.25 0
0.625 0 0.25
0.75 0.125 0.25
0.625 0.25 0.25
0.75 0 0.125
0.75 0.25 0.125
0.875 0 0
1 0.125 0
0.875 0.25 0
0.875 0 0.25
1 0.125 0.25
0.875 0.25 0.25
1 0 0.125
1 0.25 0.125
1 0.375 0
0.875 0.5 0
0.75 0.375 0
1 0.375 0.25
0.875 0.5 0.25
0.75 0.375 0.25
1 0.5 0.125
0.75 0.5 0.125
0.625 0.5 0
0.625 0.5 0.25
0.625 0 0.5
0.75 0.125 0.5
0.625 0.25 0.5
0.75 0 0.375
0.75 0.25 0.375
0.875 0 0.5
1 0.125 0.5
0.875 0.25 0.5
1 0 0.375
1 0.25 0.375
1 0.375 0.5
0.875 0.5 0.5
0.75 0.375 0.5
1 0.5 0.375
0.75 0.5 0.375
0.625 0.5 0.5
0.75 0.625 0
0.625 0.75 0
0.5 0.625 0
0.75 0.625 0.25
0.625 0.75 0.25
0.5 0.625 0.25
0.75 0.75 0.125
0.5 0.75 0.125
1 0.625 0
0.875 0.75 0
1 0.625 0.25
0.875 0.75 0.25
1 0.75 0.125
1 0.875 0
0.875 1 0
0.75 0.875 0
1 0.875 0.25
0.875 1 0.25
0.75 0.875 0.25
1 1 0.125
0.75 1 0.125
0.625 1 0
0.5 0.875 0
0.625 1 0.25
0.5 0.875 0.25
0.5 1 0.125
0.75 0.625 0.5
0.625 0.75 0.5
0.5 0.625 0.5
0.75 0.75 0.375
0.5 0.75 0.375
1 0.625 0.5
0.875 0.75 0.5
1 0.75 0.375
1 0.875 0.5
0.875 1 0.5
0.75 0.875 0.5
1 1 0.375
0.75 1 0.375
0.625 1 0.5
0.5 0.875 0.5
0.5 1 0.375
0.25 0.625 0
0.125 0.75 0
0 0.625 0
0.25 0.625 0.25
0.125 0.75 0.25
0 0.625 0.25
0.25 0.75 0.125
0 0.75 0.125
0.375 0.75 0
0.375 0.75 0.25
0.375 1 0
0.25 0.875 0
0.375 1 0.25
0.25 0.875 0.25
0.25 1 0.125
0.125 1 0
0 0.875 0
0.125 1 0.25
0 0.875 0.25
0 1 0.125
0.25 0.625 0.5
0.125 0.75 0.5
0 0.625 0.5
0.25 0.75 0.375
0 0.75 0.375
0.375 0.75 0.5
0.375 1 0.5
0.25 0.875 0.5
0.25 1 0.375
0.125 1 0.5
0 0.875 0.5
0 1 0.375
0.125 0 0.75
0.25 0.125 0.75
0.125 0.25 0.75
0 0.125 0.75
0 0 0.625
0.25 0 0.625
0.25 0.25 0.625
0 0.25 0.625
0.375 0 0.75
0.5 0.125 0.75
0.375 0.25 0.75
0.5 0 0.625
0.5 0.25 0.625
0.5 0.375 0.75
0.375 0.5 0.75
0.25 0.375 0.75
0.5 0.5 0.625
0.25 0.5 0.625
0.125 0.5 0.75
0 0.375 0.75
0 0.5 0.625
0.125 0 1
0.25 0.125 1
0.125 0.25 1
0 0.125 1
0 0 0.875
0.25 0 0.875
0.25 0.25 0.875
0 0.25 0.875
0.375 0 1
0.5 0.125 1
0.375 0.25 1
0.5 0 0.875
0.5 0.25 0.875
0.5 0.375 1
0.375 0.5 1
0.25 0.375 1
0.5 0.5 0.875
0.25 0.5 0.875
0.125 0.5 1
0 0.375 1
0 0.5 0.875
0.625 0 0.75
0.75 0.125 0.75
0.625 0.25 0.75
0.75 0 0.625
0.75 0.25 0.625
0.875 0 0.75
1 0.125 0.75
0.875 0.25 0.75
1 0 0.625
1 0.25 0.625
1 0.375 0.75
0.875 0.5 0.75
0.75 0.375 0.75
1 0.5 0.625
0.75 0.5 0.625
0.625 0.5 0.75
0.625 0 1
0.75 0.125 1
0.625 0.25 1
0.75 0 0.875
0.75 0.25 0.875
0.875 0 1
1 0.125 1
0.875 0.25 1
1 0 0.875
1 0.25 0.875
1 0.375 1
0.875 0.5 1
0.75 0.375 1
1 0.5 0.875
0.75 0.5 0.875
0.625 0.5 1
0.75 0.625 0.75
0.625 0.75 0.75
0.5 0.625 0.75
0.75 0.75 0.625
0.5 0.75 0.625
1 0.625 0.75
0.875 0.75 0.75
1 0.75 0.625
1 0.875 0.75
0.875 1 0.75
0.75 0.875 0.75
1 1 0.625
0.75 1 0.625
0.625 1 0.75
0.5 0.875 0.75
0.5 1 0.625
0.75 0.625 1
0.625 0.75 1
0.5 0.625 1
0.75 0.75 0.875
0.5 0.75 0.875
1 0.625 1
0.875 0.75 1
1 0.75 0.875
1 0.875 1
0.875 1 1
0.75 0.875 1
1 1 0.875
0.75 1 0.875
0.625 1 1
0.5 0.875 1
0.5 1 0.875
0.25 0.625 0.75
0.125 0.75 0.75
0 0.625 0.75
0.25 0.75 0.625
0 0.75 0.625
0.375 0.75 0.75
0.375 1 0.75
0.25 0.875 0.75
0.25 1 0.625
0.125 1 0.75
0 0.875 0.75
0 1 0.625
0.25 0.625 1
0.125 0.75 1
0 0.625 1
0.25 0.75 0.875
0 0.75 0.875
0.375 0.75 1
0.375 1 1
0.25 0.875 1
0.25 1 0.875
0.125 1 1
0 0.875 1
0 1 0.875
0.125 0.125 0
0.125 0 0.125
0.25 0.125 0.125
0.125 0.25 0.125
0 0.125 0.125
0.125 0.125 0.25
0.375 0.125 0
0.375 0 0.125
0.5 0.125 0.125
0.375 0.25 0.125
0.375 0.125 0.25
0.375 0.375 0
0.5 0.375 0.125
0.375 0.5 0.125
0.25 0.375 0.125
0.375 0.375 0.25
0.125 0.375 0
0.125 0.5 0.125
0 0.375 0.125
0.125 0.375 0.25
0.125 0 0.375
0.25 0.125 0.375
0.125 0.25 0.375
0 0.125 0.375
0.125 0.125 0.5
0.375 0 0.375
0.5 0.125 0.375
0.375 0.25 0.375
0.375 0.125 0.5
0.5 0.375 0.375
0.375 0.5 0.375
0.25 0.375 0.375
0.375 0.375 0.5
0.125 0.5 0.375
0 0.375 0.375
0.125 0.375 0.5
0.625 0.125 0
0.625 0 0.125
0.75 0.125 0.125
0.625 0.25 0.125
0.625 0.125 0.25
0.875 0.125 0
0.875 0 0.125
1 0.125 0.125
0.875 0.25 0.125
0.875 0.125 0.25
0.875 0.375 0
1 0.375 0.125
0.875 0.5 0.125
0.75 0.375 0.125
0.875 0.375 0.25
0.625 0.375 0
0.625 0.5 0.125
0.625 0.375 0.25
0.625 0 0.375
0.75 0.125 0.375
0.625 0.25 0.375
0.625 0.125 0.5
0.875 0 0.375
1 0.125 0.375
0.875 0.25 0.375
0.875 0.125 0.5
1 0.375 0.375
0.875 0.5 0.375
0.75 0.375 0.375
0.875 0.375 0.5
0.625 0.5 0.375
0.625 0.375 0.5
0.625 0.625 0
0.75 0.625 0.125
0.625 0.75 0.125
0.5 0.625 0.125
0.625 0.625 0.25
0.875 0.625 0
1 0.625 0.125
0.875 0.75 0.125
0.875 0.625 0.25
0.875 0.875 0
1 0.875 0.125
0.875 1 0.125
0.75 0.875 0.125
0.875 0.875 0.25
0.625 0.875 0
0.625 1 0.125
0.5 0.875 0.125
0.625 0.875 0.25
0.75 0.625 0.375
0.625 0.75 0.375
0.5 0.625 0.375
0.625 0.625 0.5
1 0.625 0.375
0.875 0.75 0.375
0.875 0.625 0.5
1 0.875 0.375
0.875 1 0.375
0.75 0.875 0.375
0.875 0.875 0.5
0.625 1 0.375
0.5 0.875 0.375
0.625 0.875 0.5
0.125 0.625 0
0.25 0.625 0.125
0.125 0.75 0.125
0 0.625 0.125
0.125 0.625 0.25
0.375 0.625 0
0.375 0.75 0.125
0.375 0.625 0.25
0.375 0.875 0
0.375 1 0.125
0.25 0.875 0.125
0.375 0.875 0.25
0.125 0.875 0
0.125 1 0.125
0 0.875 0.125
0.125 0.875 0.25
0.25 0.625 0.375
0.125 0.75 0.375
0 0.625 0.375
0.125 0.625 0.5
0.375 0.75 0.375
0.375 0.625 0.5
0.375 1 0.375
0.25 0.875 0.375
0.375 0.875 0.5
0.125 1 0.375
0 0.875 0.375
0.125 0.875 0.5
0.125 0 0.625
0.25 0.125 0.625
0.125 0.25 0.625
0 0.125 0.625
0.125 0.125 0.75
0.375 0 0.625
0.5 0.125 0.625
0.375 0.25 0.625
0.375 0.125 0.75
0.5 0.375 0.625
0.375 0.5 0.625
0.25 0.375 0.625
0.375 0.375 0.75
0.125 0.5 0.625
0 0.375 0.625
0.125 0.375 0.75
0.125 0 0.875
0.25 0.125 0.875
0.125 0.25 0.875
0 0.125 0.875
0.125 0.125 1
0.375 0 0.875
0.5 0.125 0.875
0.375 0.25 0.875
0.375 0.125 1
0.5 0.375 0.875
0.375 0.5 0.875
0.25 0.375 0.875
0.375 0.375 1
0.125 0.5 0.875
0 0.375 0.875
0.125 0.375 1
0.625 0 0.625
0.75 0.125 0.625
0.625 0.25 0.625
0.625 0.125 0.75
0.875 0 0.625
1 0.125 0.625
0.875 0.25 0.625
0.875 0.125 0.75
1 0.375 0.625
0.875 0.5 0.625
0.75 0.375 0.625
0.875 0.375 0.75
0.625 0.5 0.625
0.625 0.375 0.75
0.625 0 0.875
0.75 0.125 0.875
0.625 0.25 0.875
0.625 0.125 1
0.875 0 0.875
1 0.125 0.875
0.875 0.25 0.875
0.875 0.125 1
1 0.375 0.875
0.875 0.5 0.875
0.75 0.375 0.875
0.875 0.375 1
0.625 0.5 0.875
0.625 0.375 1
0.75 0.625 0.625
0.625 0.75 0.625
0.5 0.625 0.625
0.625 0.625 0.75
1 0.625 0.625
0.875 0.75 0.625
0.875 0.625 0.75
1 0.875 0.625
0.875 1 0.625
0.75 0.875 0.625
0.875 0.875 0.75
0.625 1 0.625
0.5 0.875 0.625
0.625 0.875 0.75
0.75 0.625 0.875
0.625 0.75 0.875
0.5 0.625 0.875
0.625 0.625 1
1 0.625 0.875
0.875 0.75 0.875
0.875 0.625 1
1 0.875 0.875
0.875 1 0.875
0.75 0.875 0.875
0.875 0.875 1
0.625 1 0.875
0.5 0.875 0.875
0.625 0.875 1
0.25 0.625 0.625
0.125 0.75 0.625
0 0.625 0.625
0.125 0.625 0.75
0.375 0.75 0.625
0.375 0.625 0.75
0.375 1 0.625
0.25 0.875 0.625
0.375 0.875 0.75
0.125 1 0.625
0 0.875 0.625
0.125 0.875 0.75
0.25 0.625 0.875
0.125 0.75 0.875
0 0.625 0.875
0.125 0.625 1
0.375 0.75 0.875
0.375 0.625 1
0.375 1 0.875
0.25 0.875 0.875
0.375 0.875 1
0.125 1 0.875
0 0.875 0.875
0.125 0.875 1
0.125 0.125 0.125
0.375 0.125 0.125
0.375 0.375 0.125
0.125 0.375 0.125
0.125 0.125 0.375
0.375 0.125 0.375
0.375 0.375 0.375
0.125 0.375 0.375
0.625 0.125 0.125
0.875 0.125 0.125
0.875 0.375 0.125
0.625 0.375 0.125
0.625 0.125 0.375
0.875 0.125 0.375
0.875 0.375 0.375
0.625 0.375 0.375
0.625 0.625 0.125
0.875 0.625 0.125
0.875 0.875 0.125
0.625 0.875 0.125
0.625 0.625 0.375
0.875 0.625 0.375
0.875 0.875 0.375
0.625 0.875 0.375
0.125 0.625 0.125
0.375 0.625 0.125
0.375 0.875 0.125
0.125 0.875 0.125
0.125 0.625 0.375
0.375 0.625 0.375
0.375 0.875 0.375
0.125 0.875 0.375
0.125 0.125 0.625
0.375 0.125 0.625
0.375 0.375 0.625
0.125 0.375 0.625
0.125 0.125 0.875
0.375 0.125 0.875
0.375 0.375 0.875
0.125 0.375 0.875
0.625 0.125 0.625
0.875 0.125 0.625
0.875 0.375 0.625
0.625 0.375 0.625
0.625 0.125 0.875
0.875 0.125 0.875
0.875 0.375 0.875
0.625 0.375 0.875
0.625 0.625 0.625
0.875 0.625 0.625
0.875 0.875 0.625
0.625 0.875 0.625
0.625 0.625 0.875
0.875 0.625 0.875
0.875 0.875 0.875
0.625 0.875 0.875
0.125 0.625 0.625
0.375 0.625 0.625
0.375 0.875 0.625
0.125 0.875 0.625
0.125 0.625 0.875
0.375 0.625 0.875
0.375 0.875 0.875
0.125 0.875 0.875
